100
100
116
108
105
107
111
100
103
110
110
106
111
116
117
117
117
119
119
119
115
112
112
119
119
119
121
119
114
107
113
114
125
125
125
127
127
127
133
133
133
133
135
135
135
135
134
135
139
139
140
140
130
130
130
130
137
140
143
145
145
140
145
147
138
136
147
148
149
149
148
148
135
135
135
135
135
133
124
124
135
135
138
141
141
141
141
142
142
142
138
141
142
142
145
138
138
138
141
139
141
141
144
144
145
145
147
147
147
139
149
149
149
149
149
149
139
146
141
146
146
146
146
146
141
146
140
146
146
142
142
140
142
142
140
140
139
139
139
138
142
142
146
146
146
146
146
137
137
137
137
132
130
134
137
134
137
137
134
129
128
137
128
137
137
137
137
137
137
137
137
134
131
128
128
128
127
126
122
125
125
126
126
126
132
124
124
124
124
124
123
124
124
124
126
126
126
126
126
125
124
124
124
124
124
124
124
124
124
124
126
126
126
129
124
124
124
124
122
122
122
124
124
124
124
124
124
124
124
124
124
129
122
124
124
124
124
122
124
129
126
129
129
126
129
129
129
129
129
129
129
129
129
129
128
126
129
129
129
129
130
130
130
126
130
130
131
131
131
135
135
135
135
135
133
132
135
136
136
137
137
138
138
138
136
138
138
138
138
138
138
139
139
139
135
135
135
131
135
135
135
138
139
139
139
139
130
130
130
130
130
130
130
130
130
130
133
133
133
133
133
133
133
133
126
133
136
136
136
138
139
139
139
139
138
134
134
134
129
129
128
127
127
127
127
127
127
127
129
125
125
124
129
138
129
138
138
137
137
137
129
137
137
137
137
137
137
137
137
137
138
138
138
138
140
140
140
142
142
143
143
143
135
142
143
143
143
135
143
143
143
143
142
143
140
140
143
143
143
143
143
143
145
145
145
145
145
145
145
145
146
146
146
146
146
146
146
146
146
146
146
145
144
141
146
146
146
146
147
147
147
147
147
147
147
148
142
141
139
142
142
148
148
148
148
143
142
149
149
150
151
151
152
154
155
156
156
146
139
139
133
132
132
131
131
130
129
129
128
128
128
128
128
128
128
131
131
131
131
125
124
124
131
131
131
131
131
126
131
131
128
131
131
131
131
131
131
131
131
131
131
131
131
131
131
131
131
128
127
127
126
125
124
126
126
124
126
126
126
126
126
126
131
134
135
134
135
132
135
135
135
135
135
136
139
139
139
139
139
140
132
135
134
135
140
140
140
135
134
130
130
130
130
126
130
130
130
130
125
130
130
130
130
130
130
130
133
134
136
136
140
143
144
144
144
145
145
145
145
145
145
145
146
146
147
148
148
148
148
149
143
147
149
147
149
147
149
149
149
144
144
144
149
149
143
143
149
143
143
143
143
143
142
143
142
144
146
149
141
149
150
151
151
151
145
151
152
153
148
154
155
147
155
155
155
147
151
151
156
156
153
153
156
157
157
148
154
150
143
152
152
152
143
143
139
138
138
153
156
158
158
158
155
154
159
151
159
